# Created by Octave 7.1.0, Sat Jan 07 19:33:12 2023 UTC <root@host4239>
# name: A
# type: matrix
# rows: 7
# columns: 7
 0 0 0 0 0 0 0
 0 0.8571428571428571 0.7142857142857143 0.5714285714285714 0.42857142857142855 0.2857142857142857 0.14285714285714285
 0 0.7142857142857143 0.42857142857142855 0.14285714285714285 0.8571428571428571 0.57142857142857151 0.2857142857142857
 0 0.5714285714285714 0.14285714285714285 0.7142857142857143 0.2857142857142857 0.8571428571428571 0.42857142857142855
 0 0.42857142857142855 0.8571428571428571 0.2857142857142857 0.7142857142857143 0.14285714285714285 0.5714285714285714
 0 0.2857142857142857 0.5714285714285714 0.8571428571428571 0.14285714285714285 0.42857142857142855 0.7142857142857143
 0 0.14285714285714285 0.2857142857142857 0.42857142857142855 0.5714285714285714 0.7142857142857143 0.8571428571428571


