# Created by Octave 7.1.0, Sun Jan 08 12:38:01 2023 UTC <root@host4239>
# name: A
# type: matrix
# rows: 7
# columns: 7
 0 0 0 0 0 0 0
 0 0.76994654383738403 0 0.38497327191869213 0.38497327191869213 0.76994654383738403 0.38497327191869213
 0 0.38497327191869213 0.38497327191869185 0 0.38497327191869185 0.76994654383738403 0.76994654383738403
 0 0 0.61502672808130787 0 0.61502672808130787 0.38497327191869213 0.38497327191869213
 0 0.38497327191869213 0.61502672808130787 0.61502672808130787 0 0 0.38497327191869185
 0 0.38497327191869213 0 0.61502672808130787 0.61502672808130798 0.38497327191869185 0
 0 0.76994654383738415 0.38497327191869213 0.38497327191869213 0 0.38497327191869213 0.76994654383738403


